month_date	ur	pi_gr	nyse_gr	tb_sqrt_diff	ics_log_diff	pce_gr_diff	num_words	perc_pos	perc_neg	perc_uncert	perc_litig	perc_modal_wk	perc_modal_wod	perc_modal_str	perc_constrain	num_alphanum	num_digits	num_nums	avg_syll_word	avg_word_len	vocab	num_words_rev_weighted	perc_pos_rev_weighted	perc_neg_rev_weighted	perc_uncert_rev_weighted	perc_litig_rev_weighted	perc_modal_wk_rev_weighted	perc_modal_wod_rev_weighted	perc_modal_str_rev_weighted	perc_constrain_rev_weighted	num_alphanum_rev_weighted	num_digits_rev_weighted	num_nums_rev_weighted	avg_syll_word_rev_weighted	avg_word_len_rev_weighted	vocab_rev_weighted
1/1/11	9.1	0.00202868	0.016528644	0.013132596	-0.004034975	-0.004803189	8807.48	2.012578851	0.962662905	0.899019685	0.067927437	0.398185631	0.673030134	0.591828331	0.106785033	44477.92	566.88	211.56	1.522770124	4.69191569	1350.16	9886.108391	2.052988121	0.931237447	0.872380958	0.062692298	0.370912461	0.51110051	0.718103279	0.116339051	50772.74617	815.5220755	308.4693399	1.556847683	4.809519543	1414.218982
2/1/11	9	0.005373768	0.03678385	-0.026743207	0.043513786	0.004506908	8662.724138	2.025964984	0.991311045	0.929677755	0.06865454	0.421887611	0.697340185	0.626665545	0.094072965	43593.44828	599.3448276	221.3103448	1.521549135	4.681305418	1354.793103	9846.054438	2.055310798	0.93588036	0.887691462	0.064782495	0.390423476	0.556728544	0.729389353	0.115867806	50438.84659	828.7344123	312.4547135	1.555901554	4.800785644	1417.444823
3/1/11	9	0.000978791	-0.003978093	-0.044327362	-0.138150338	0.004363405	8637.64	2.009252764	1.007285941	0.953628134	0.078101136	0.428914319	0.701856898	0.609313235	0.115707209	43487.88	547.56	213.6	1.524645337	4.692945575	1360.2	9161.355092	1.960704839	0.979452392	0.957424913	0.073102265	0.387478896	0.560045154	0.679831177	0.142131806	46986.54455	749.3672168	291.75966	1.561769596	4.822090823	1373.900726
4/1/11	9.1	-0.004194118	0.024966568	-0.071278792	0.033506412	-0.010711138	8712.72	1.975958184	1.007781654	0.929265126	0.074331608	0.41316043	0.71258965	0.586081232	0.110685018	43894.36	519.96	216.16	1.524439777	4.687220061	1366.96	8894.951363	1.938265146	0.996467991	0.923576782	0.078600874	0.333085664	0.545895367	0.664438013	0.133148769	45571.57867	678.4385004	281.5296157	1.563933325	4.815701911	1365.924241
5/1/11	9	0.002018951	-0.022387349	-0.044948974	0.062476942	0.00533671	9423.44	1.993674338	0.967000809	0.889106462	0.082848517	0.382649763	0.695678903	0.575731132	0.102821825	47634.8	552.28	242.36	1.527022404	4.694535838	1426.56	9019.839836	1.876115903	0.98100229	0.898621761	0.09635982	0.310097927	0.529552778	0.655444909	0.12333862	46268.76568	674.8868332	286.7702913	1.563828499	4.818258034	1385.012237
6/1/11	9.1	0.004512322	-0.018659365	0	-0.038413502	3.24E-05	9544.791667	1.933328453	0.953352752	0.856653812	0.075755126	0.392076979	0.688127577	0.543437971	0.09172024	48267	549.0833333	240.5416667	1.522358848	4.683976836	1431.458333	9618.118503	1.868679254	0.915597623	0.822218221	0.094032129	0.309481224	0.549874991	0.636995572	0.102769278	49202.97083	695.7523509	294.4886201	1.554349567	4.792037436	1424.411241
7/1/11	9	-0.001663016	-0.035026563	0	-0.115512887	-0.004937783	8670.076923	1.831233508	0.977121812	0.860720211	0.077535219	0.390771982	0.737228418	0.541919135	0.092111914	43774	506.3846154	216.1923077	1.522730977	4.68119672	1358.115385	9075.996511	1.824810715	0.923559944	0.831091565	0.09271743	0.32475764	0.594483122	0.56237862	0.103240147	46825.51079	648.4315201	277.8894398	1.56445471	4.810901947	1413.076635
8/1/11	9	0.001325281	-0.068203961	-0.058578644	-0.132410693	0.004764235	8566.285714	1.794231413	0.991219403	0.860232332	0.082927336	0.375112163	0.741306961	0.535478253	0.091795618	43335.78571	531.5	223.3214286	1.528879107	4.692226496	1347.821429	9179.928889	1.815619615	0.891614565	0.838118743	0.093137163	0.298066739	0.626103888	0.545157762	0.105362245	47341.89557	707.4907051	295.8406906	1.566115059	4.8113032	1420.805715
9/1/11	9	-0.000343447	-0.097861591	-0.041421356	0.064202443	0.001341048	8353.214286	1.753459561	1.038063464	0.915997438	0.076570507	0.397551207	0.759577336	0.564312598	0.086204529	42285.46429	496.7142857	203.25	1.524748379	4.682591149	1336.321429	8879.056988	1.874381631	0.914035621	0.846307069	0.097032983	0.305152301	0.617658065	0.576588493	0.104452621	46133.62697	656.1124127	268.5197634	1.577199434	4.84408287	1417.722026
10/1/11	8.8	0.000329374	0.11193684	0.041421356	0.021613476	-0.003629415	8641.766667	1.738088283	1.087277911	0.907798223	0.077358109	0.406195721	0.748846804	0.562713785	0.087350901	43768.3	550.0666667	225.1666667	1.522024408	4.673475676	1342.266667	9074.95145	1.92026845	0.960474347	0.807497798	0.092665342	0.302422654	0.579056543	0.588761139	0.079049482	47074.30035	709.9589573	292.2167445	1.576251073	4.838858873	1405.770757
11/1/11	8.6	0.001865203	-0.010429184	-0.041421356	0.046594774	0.000720116	8551.535714	1.76722058	1.073550352	0.92118141	0.069072156	0.418900317	0.744353569	0.579548502	0.083250702	43219.14286	519.6071429	210.8571429	1.519006437	4.666892998	1334.535714	8994.005332	1.967727757	0.908572482	0.822493475	0.081803816	0.314349469	0.544810854	0.602114454	0.074838735	46611.19845	675.5763915	276.1644341	1.575749029	4.837744381	1404.922896
12/1/11	8.5	0.009642598	-0.000998091	0	0.092881087	0.000585176	8780.964286	1.853833671	1.072601818	0.906000805	0.07596845	0.409264128	0.693848251	0.571970015	0.089154539	44453.85714	544.8571429	222.7857143	1.523168731	4.679318355	1355.107143	9045.155175	1.982023807	0.913389735	0.841314026	0.096363289	0.337886723	0.509552034	0.57108031	0.081059206	46833.67109	678.7405704	277.9190894	1.574434604	4.834879285	1407.010286
1/1/12	8.3	0.00474986	0.041828863	0.073205081	0.070422464	0.000901115	8273.464286	1.997210051	1.071090019	0.897150554	0.068085207	0.400711694	0.669117542	0.63299775	0.092968503	41956.75	557.75	222.1071429	1.531064298	4.701663286	1316.642857	8185.030976	2.302206468	0.884065291	0.848670012	0.075962329	0.359205221	0.520380238	0.660412193	0.132868589	42077.45751	655.4925281	261.5540717	1.573991362	4.837433316	1312.820798
2/1/12	8.3	0.008448516	0.035052747	0.126794919	0.003992021	0.006333112	8308.928571	2.069082128	1.061954004	0.868207842	0.072741261	0.388195255	0.662659773	0.663755843	0.094776845	42135.46429	574.5714286	227	1.530974554	4.701882863	1328.642857	8037.048868	2.377795755	0.870930408	0.830056419	0.078566542	0.348644133	0.508958325	0.693203055	0.126335168	41511.87909	677.003192	267.2134513	1.578558197	4.855541643	1319.307801
3/1/12	8.2	0.005360777	0.011547723	-0.017157288	0.011881328	-0.008569781	8251.275862	2.08637738	1.007126004	0.866908776	0.089888176	0.395707564	0.687226973	0.621811231	0.092308097	42028.72414	547.3448276	222.2413793	1.529047449	4.698938609	1316.827586	8064.976615	2.371251956	0.860870888	0.833503488	0.100916252	0.348914204	0.542343144	0.664107579	0.1286652	41746.15476	645.0599635	257.9755074	1.57181837	4.842544433	1322.380261
4/1/12	8.2	0.001257375	-0.014605873	0	0.002621233	-0.001248624	8657.466667	1.962241777	1.026016021	0.867907315	0.095592422	0.412517008	0.706468917	0.579297842	0.094096472	43824.46667	488.1	207.5333333	1.519031466	4.666969831	1338.566667	8526.845157	2.2366804	0.883910546	0.815586638	0.096340991	0.356352715	0.552887754	0.631885674	0.119936427	43746.79586	574.132523	239.4864493	1.560047381	4.804283776	1338.699108
5/1/12	8.2	-0.000345073	-0.080686692	0.017157288	0.037255432	0.000392869	8542.785714	1.911731909	1.006867848	0.857118815	0.095332683	0.407918876	0.745956934	0.577323431	0.081933367	43302.46429	487.6428571	206.8928571	1.518451359	4.664090823	1329.785714	9230.937033	2.092476742	0.919648399	0.773548277	0.09356814	0.341690652	0.607609652	0.574443773	0.079557888	47823.91842	634.3823928	267.0286386	1.565517553	4.805011868	1416.069154
6/1/12	8.2	0.00035322	0.04526818	0	-0.080042708	-0.00102212	8400.076923	1.838884071	1.097087185	0.893807802	0.098160359	0.42423055	0.773995725	0.594843689	0.077848318	42264.30769	466.6923077	200.2307692	1.510115423	4.641460851	1316.923077	8183.441353	1.765076488	1.075931025	0.887967094	0.098752582	0.421772518	0.71551514	0.570693243	0.072468424	41218.1516	537.8683286	227.6928233	1.519516372	4.671355326	1294.067116
7/1/12	8.2	-0.011799026	0.00280926	0.016227766	-0.012371292	-0.000266978	8311.107143	1.825747812	1.110756492	0.868198685	0.091121034	0.41677746	0.757335144	0.598159327	0.074311258	41923.42857	451.5357143	195.25	1.514584903	4.655195576	1305.035714	8518.674307	1.730147532	1.092464677	0.854890386	0.090526548	0.413368835	0.695123265	0.605838151	0.070903651	43032.793	535.9261206	225.7647775	1.526498399	4.685187516	1317.305754
8/1/12	8.1	-0.000500913	0.019201595	0	0.027286823	0.004750588	8520.193548	1.846440285	1.093281682	0.869590025	0.087497643	0.402967083	0.726373813	0.606058144	0.074701136	43195.54839	487.3870968	207.7741935	1.521860733	4.677017414	1335.709677	9546.213918	2.030219102	0.941473189	0.822939739	0.085240364	0.354378897	0.608058701	0.657644443	0.069890062	49448.95917	667.4133991	276.1451713	1.565300583	4.808553999	1440.927133
9/1/12	7.8	0.007929708	0.029453759	0.015434713	0.052436651	0.002765704	8046.766667	1.896954527	1.063765117	0.854970972	0.104447839	0.38678446	0.713581495	0.602424491	0.087688525	40988.16667	459.2333333	193.9333333	1.529458588	4.699235901	1299.833333	9490.107549	2.148520822	0.916852348	0.790573665	0.086265647	0.327296852	0.60176945	0.603116485	0.083276254	49348.02314	641.0131361	265.443296	1.576898317	4.834904959	1464.65449
10/1/12	7.8	0.005377843	-0.008651705	-0.015434713	0.053462078	-0.006853918	8058.548387	1.839476771	1.064906534	0.909969943	0.112155494	0.416378755	0.682077854	0.599030929	0.09369186	40962.45161	498.9677419	209.483871	1.526301416	4.69168773	1298.774194	9177.318636	1.984617159	0.887065471	0.873444734	0.107300408	0.347035858	0.531949827	0.648073631	0.073537143	47685.67567	698.7482431	294.3004833	1.56953835	4.824285499	1441.980917
11/1/12	7.7	0.013436082	0.004747281	-0.016227766	0.001209922	0.004971073	8381.6	1.809887628	1.0638383	0.92787089	0.100563587	0.431636779	0.704352681	0.571966463	0.089472151	42427.88571	525.6285714	219.7428571	1.521989411	4.677686836	1322.942857	9318.537473	1.970365084	0.932312707	0.856488118	0.09882052	0.342740825	0.581981294	0.633459328	0.081960748	48177.20756	721.7089836	301.6523638	1.561937937	4.797382912	1438.84293
12/1/12	7.9	0.02536473	0.022163505	-0.035424869	-0.126130963	-0.00300116	8523.411765	1.791322468	1.029234092	0.907984853	0.105573254	0.418887027	0.687974412	0.608418451	0.086836726	43124.05882	524.2352941	218.9705882	1.520598487	4.672484168	1348.529412	9302.764019	1.979484449	0.852902963	0.831706781	0.102176526	0.320429791	0.557167856	0.691615247	0.080451256	48188.07638	695.6905408	295.4486452	1.563399162	4.803511004	1451.696708
1/1/13	8	-0.059589232	0.049250389	0	0.012270093	0.00126302	8661.705882	1.798206254	1.032729687	0.896532284	0.094573986	0.408048362	0.73347955	0.643217876	0.096072017	43800.20588	597.5882353	236.9117647	1.519730024	4.67220142	1347.735294	9739.253042	1.978934612	0.925333526	0.820540733	0.079098968	0.317571868	0.590565215	0.735693694	0.102554453	50158.71355	866.4248075	336.4646338	1.560339495	4.797779344	1430.333598
2/1/13	7.7	-0.001391304	-0.002921988	0.051652635	0.050208696	0.001689641	8367.428571	1.815250516	1.086089846	0.909491936	0.107443219	0.404798548	0.722852892	0.57990555	0.101350432	42483.28571	583.4	227.9142857	1.533448065	4.712316821	1316.114286	9742.32843	2.018780192	0.93139165	0.848108186	0.092856145	0.34480415	0.600462343	0.688397431	0.094840971	50038.08076	803.4556866	309.0886841	1.558520616	4.799658437	1433.938832
3/1/13	7.5	0.000202506	0.026872008	-0.016227766	0.012804272	-0.004397033	7920.4	1.811857382	1.072561931	0.903652318	0.104169479	0.3955471	0.730734173	0.595641246	0.093468754	40408.05714	547.9714286	213.6285714	1.539217117	4.724393482	1287.342857	9491.949529	2.117393079	0.902892863	0.815093865	0.096362394	0.320785671	0.529038146	0.727458906	0.091034595	49198.71221	814.6382404	314.8534206	1.570471612	4.830895487	1416.04633
4/1/13	7.6	0.000294786	0.015716799	-0.055051026	-0.028389003	-0.003693924	8144.641026	1.819029863	1.071529106	0.902867587	0.097331877	0.395605586	0.72848991	0.554427634	0.083653956	41377.74359	488.3589744	196.6923077	1.534214779	4.71283966	1309	9717.781203	2.08800312	0.922282332	0.807711108	0.098295225	0.330245638	0.583514639	0.667710165	0.072167692	50007.88384	747.899258	295.7457667	1.562294033	4.805097427	1432.024754
5/1/13	7.5	0.006377603	0.002736874	-0.044948974	0.100768838	0.008304376	7724.263158	1.81100674	1.094075277	0.938031291	0.105084795	0.418312656	0.746183325	0.601858654	0.08804886	39353.76316	469.7105263	188.3947368	1.5369697	4.719170098	1269.105263	8988.225947	2.057930738	1.004257218	0.776222327	0.105887437	0.317394117	0.54843743	0.654874382	0.071371382	46974.68194	611.9136692	248.8802254	1.586566686	4.867409519	1427.418329
6/1/13	7.5	0.003216724	-0.020379876	0.023606798	-0.004744967	-0.001346168	8117.297297	1.825746769	1.047352324	0.886541753	0.10293353	0.385254202	0.737945231	0.57537571	0.087020525	41093.10811	489.3783784	198.4864865	1.531488491	4.696561915	1294.135135	9290.226843	2.1408815	0.978440623	0.722320005	0.113952053	0.274354516	0.530597722	0.586705457	0.07073473	48209.75092	611.6386221	251.5566447	1.580026373	4.846824621	1449.399259
7/1/13	7.3	-0.004643068	0.04394577	-0.023606798	0.011820469	-0.004466464	8010.974359	1.860087093	0.998706107	0.881058172	0.102273217	0.379524699	0.695426529	0.553850053	0.093786053	40514.12821	466.4871795	190.7692308	1.534450026	4.705936495	1284.25641	9943.885981	2.270306684	0.9375127	0.75265479	0.096819971	0.307920979	0.534092938	0.493400921	0.074477853	51330.87478	627.9245	256.6850082	1.569908373	4.820472689	1484.760413
8/1/13	7.2	0.00371765	-0.030146987	0	-0.035889019	0.005191266	8114.230769	1.818256273	0.996776186	0.910427218	0.107603751	0.382071951	0.70210981	0.568145579	0.091258332	41023.41026	473.7692308	191.5641026	1.530810386	4.698333089	1294.512821	9872.294937	2.224913011	0.950460197	0.764478165	0.092116463	0.30344653	0.537382399	0.525682855	0.075152968	51082.32056	616.0644058	250.6060926	1.569424349	4.826161624	1492.422835
9/1/13	7.2	0.004452623	0.037816086	-0.058578644	-0.05766008	0.000450738	7709.75	1.838502527	1.030578171	0.927957816	0.118657257	0.390842176	0.689099733	0.569462708	0.097940262	39207.77778	455.4722222	182.8888889	1.537130641	4.718199558	1264.333333	10495.0426	2.570393449	1.183363774	1.020709288	0.091028122	0.434920143	0.700267668	0.681464923	0.082374468	54434.6794	666.9540438	265.9191014	1.898174694	5.813784934	1654.949428
10/1/13	7.2	-0.006844163	0.034290149	0.082185442	-0.057082515	-0.004543946	7903.375	1.826920743	1.033760731	0.958873201	0.108309148	0.424560161	0.69622727	0.583632829	0.087710181	40129.75	492.525	198.1	1.530610823	4.699469035	1285.225	9422.973016	1.95571313	1.056411054	0.847064789	0.09901501	0.352643705	0.594619079	0.627028439	0.110263836	48902.79074	690.4283906	275.4303108	1.566048494	4.818817919	1469.295084
11/1/13	6.9	0.00469137	0.017342365	0.040968333	0.025625138	0.007153318	7717.375	1.871809287	1.046260844	0.946823922	0.106321218	0.421971434	0.682428227	0.600548598	0.088641584	39292.025	483.775	193.9	1.534488124	4.709367651	1278.2	8925.830355	1.991042076	1.060434239	0.878831246	0.114561194	0.348788809	0.590493777	0.661157974	0.107652119	46522.00717	656.6609536	259.7559602	1.572942103	4.835802585	1454.719709
12/1/13	6.7	0.005104016	0.021318366	0	0.093977735	-0.003299429	7821.868421	1.906006071	1.025575837	0.930217165	0.097130052	0.429069159	0.684512693	0.600968282	0.083491252	39775.57895	481.5	193.9210526	1.532752151	4.702542202	1277.473684	9034.281668	2.014114617	1.036029011	0.887040214	0.104271067	0.359744463	0.576193168	0.680361657	0.112719032	47198.34105	676.3384344	269.3414106	1.577430452	4.847087266	1447.16189
1/1/14	6.6	0.003719717	-0.045122414	-0.064575131	-0.015883046	-0.006778389	8153.153846	1.922264373	1.008545521	0.896268586	0.089720837	0.407542217	0.694845446	0.67619497	0.089540619	41505.38462	534.5384615	205.3076923	1.532983447	4.704652224	1303.333333	10366.70632	2.082203772	1.082939919	0.872214432	0.087070146	0.342628313	0.584906835	0.722098474	0.11071704	54409.55124	921.9471995	353.2370958	1.582034915	4.853320382	1488.592548
2/1/14	6.7	0.007209906	0.045969706	0.023606798	0.004914015	0.008805257	8258.619048	1.876694259	1.002335727	0.897238643	0.102351483	0.402249214	0.691861186	0.688964421	0.09279503	41935.21429	566.1190476	214.1904762	1.530173019	4.704181485	1322.642857	10273.59968	2.129082812	1.057038434	0.815458501	0.10715873	0.316815601	0.605447474	0.736249472	0.118217972	53985.47203	922.3958251	350.6823311	1.579389498	4.854860596	1501.95218
3/1/14	6.7	0.008033715	0.009774654	0	-0.019802627	0.001975541	7747.727273	1.894600236	1.061922272	0.881221081	0.111137189	0.371512724	0.698389548	0.631163426	0.0902764	39520.97727	499.3636364	189.9545455	1.538195174	4.729535528	1279.477273	10004.39842	2.135516336	1.156519558	0.770503056	0.11024828	0.282897087	0.613912051	0.669967162	0.11518526	52812.3025	867.0496907	332.7858097	1.586738857	4.871623666	1477.418691
4/1/14	6.3	-0.00163736	0.003163129	-0.050401717	0.049979932	-0.007772799	7633.8	1.912953942	1.041248052	0.883939329	0.096621935	0.37583502	0.684052333	0.607524027	0.086709852	38731.64444	450	172.8444444	1.536901773	4.724585385	1266.533333	8933.032736	2.106696473	1.144190933	0.827303113	0.108433185	0.332385903	0.583720654	0.59071467	0.104011567	46409.6133	550.4250461	217.509416	1.576554036	4.839665906	1433.20729
5/1/14	6.3	0.004207531	0.012151838	0	-0.026507576	0.005046423	7608.6	1.947195514	1.054502074	0.871722659	0.105040386	0.3774713	0.699263762	0.600857516	0.084961484	38604.08889	423.8444444	165.4222222	1.537404522	4.730232607	1264.933333	9040.807435	2.162298683	1.147400169	0.802742964	0.111969416	0.320695814	0.571320871	0.613963362	0.100505128	46869.25549	521.55946	208.0110732	1.574622558	4.835874902	1444.817497
6/1/14	6.1	0.005271658	0.020742277	0.026794919	0.007299302	0.001925433	7894.170732	1.91117453	1.03758513	0.903422595	0.100609586	0.409716226	0.718554167	0.596396442	0.089424683	39857.41463	409.2195122	159.4390244	1.525357572	4.692075786	1289.731707	9090.500158	2.163335118	1.059732708	0.86539052	0.116454969	0.35182601	0.579250257	0.621339754	0.112811835	47192.27081	510.308581	204.9168994	1.575728985	4.833737868	1456.796942
7/1/14	6.2	0.000267732	-0.027643913	-0.026794919	-0.00852105	-0.00688552	8066.925	1.899886711	1.060067921	0.880612126	0.104276146	0.402316174	0.698290522	0.610549619	0.090529024	40660.2	414.1	160.45	1.523289902	4.686349316	1302.675	9625.129126	2.141295116	1.015319737	0.793469828	0.100593557	0.3301984	0.551456908	0.641097114	0.087513388	49563.35534	563.7252884	215.0467045	1.560381778	4.801831978	1459.92058
8/1/14	6.2	0.004622229	0.029819834	0	0.00852105	0.008111896	7605.911111	1.898393324	1.037689058	0.940870377	0.093515903	0.41299607	0.707668684	0.594781317	0.096795725	38452.04444	411.7777778	159.1777778	1.529434956	4.699646769	1252.644444	9438.905557	2.130346167	1.049735057	0.834831497	0.113474785	0.341255915	0.578951135	0.612169211	0.090563651	48761.15015	562.713949	215.7819687	1.560018806	4.800298443	1444.376892
9/1/14	5.9	0.003032281	-0.031083771	-0.031783725	0.025135973	-0.005968712	7525.309524	1.881002951	1.047298577	0.960423922	0.093045385	0.423939078	0.716747559	0.624222906	0.107486152	38203.07143	419	157.3333333	1.533316442	4.71072268	1257.214286	9221.910946	2.263123561	1.017410608	0.837901603	0.106588758	0.322422753	0.579738753	0.665594791	0.095092782	48308.3887	550.7907293	201.4624794	1.582032901	4.866128366	1463.416982
10/1/14	5.7	0.001717257	0.011290832	0	0.026823766	0.002421494	7752.422222	1.830823868	1.050586083	0.948354876	0.095897231	0.413013128	0.719955578	0.640343346	0.101283834	39264.04444	463.3555556	174.3111111	1.531296576	4.70049784	1278.488889	8992.300089	2.204106724	1.057478968	0.853682528	0.121940335	0.363562995	0.633394673	0.654533376	0.094794397	46493.30131	599.1946264	227.2552465	1.567851609	4.819260077	1422.041756
11/1/14	5.8	0.003653199	0.010180743	0	0.021628618	-0.001156112	7882.822222	1.809025032	1.043081068	0.964302934	0.098492804	0.417546896	0.727393223	0.639697655	0.092980557	39730.35556	457.4	172.3333333	1.524334793	4.677801438	1292.533333	8863.429154	2.215389993	1.012466063	0.864366024	0.131728681	0.359091386	0.632209572	0.687840779	0.090577883	45739.66203	551.2049211	209.2546222	1.564986147	4.81389734	1425.597922
12/1/14	5.6	0.004509022	-0.010603887	0.031783725	0.052643733	-0.001482574	8040.116279	1.866278469	1.042671576	0.933128241	0.10157903	0.404994002	0.704600113	0.637629772	0.087350976	40505	468.3488372	176	1.523659358	4.678900087	1299.186047	8845.909164	2.170032965	1.025175934	0.850980092	0.132659726	0.363685482	0.607885936	0.702744638	0.094318439	45688.297	561.1942204	211.876753	1.566873345	4.821399669	1425.376916
1/1/15	5.7	0.0011936	-0.027070218	0	0.046956983	-0.001390981	8248.066667	1.92081804	1.049348699	0.918429306	0.087293538	0.415357903	0.662849299	0.635999706	0.090323301	41408.64444	533.0444444	198.5333333	1.523284697	4.67936941	1320.111111	9887.579719	2.11202873	1.040339249	0.800374951	0.085668535	0.367282154	0.539720356	0.652046892	0.107587424	50821.2819	755.7821405	286.7815906	1.564625153	4.805130064	1490.805448
2/1/15	5.5	0.004804956	0.049877513	-0.031783725	-0.027908788	0.003533165	8142.782609	1.873570575	1.004916294	0.948078004	0.085470378	0.429059074	0.68864076	0.669449105	0.093125503	40898.1087	547.5434783	201	1.524101231	4.682782053	1306.217391	9883.944735	2.102679625	1.013644054	0.79207432	0.082350096	0.355940432	0.553542775	0.649744819	0.105434746	50954.92165	743.1836174	281.601333	1.569260999	4.817702365	1481.772714
3/1/15	5.5	4.41E-05	-0.014788277	0.031783725	-0.025479085	0.003260115	7695.744186	1.875760756	0.99745682	0.940341617	0.08596693	0.438600064	0.705735161	0.633966981	0.087627478	38586.93023	487	179	1.520423189	4.676642326	1261.232558	9525.676743	2.202358038	0.991395879	0.834183795	0.08282094	0.372503482	0.553577989	0.615398375	0.105214959	49242.13424	676.7480348	257.3209747	1.569467061	4.822453811	1466.345995
4/1/15	5.4	-0.000227226	0.008102021	-0.031783725	0.030706489	-0.0090116	7802.227273	1.963204508	0.992923059	0.897700499	0.087060531	0.4178526	0.693758284	0.633860694	0.08152309	39115.54545	431.6363636	162.9318182	1.521692586	4.67392004	1267.954545	8849.766379	2.223639921	1.009423599	0.844877797	0.074538852	0.35222433	0.570828216	0.59364213	0.095396289	45136.65259	501.7124827	193.1782709	1.560411496	4.795945408	1394.132899
5/1/15	5.5	0.005860747	0.000593641	0	-0.055748625	0.008822995	7671.659574	1.993679646	1.003344945	0.904777844	0.087945899	0.407506723	0.679345744	0.624229593	0.079445877	38505.2766	417.1914894	157.5319149	1.527950104	4.688910989	1252.744681	8751.897865	2.232161872	1.017223563	0.846381831	0.076260801	0.348528288	0.549745209	0.565936224	0.087011336	44586.84566	472.4525684	182.1165198	1.560717313	4.789518021	1382.221344
6/1/15	5.3	0.004619089	-0.022710999	0	0.057831959	-0.002816469	7816.477273	2.002185196	0.964688899	0.897125916	0.090104318	0.410504677	0.688532692	0.607737254	0.083388394	39390.5	427.6363636	162.6590909	1.527903231	4.687438867	1275.25	8833.385036	2.267354499	0.970361849	0.840815698	0.079481057	0.332214939	0.583767695	0.605132009	0.096239311	45440.92265	489.4173441	193.4654505	1.56970354	4.820866336	1413.392702
7/1/15	5.2	0.000413028	0.003502383	0.031783725	-0.031715132	-0.003069409	8112.822222	1.98200021	0.946780566	0.891627236	0.086554948	0.399437802	0.68911099	0.600582315	0.080710055	40767.48889	428.7555556	165.2888889	1.524536179	4.678108031	1293.466667	9680.272308	2.307479998	0.936999152	0.8135627	0.096214464	0.334085681	0.596014131	0.642652321	0.087763715	49196.47672	516.0269312	200.383124	1.552374248	4.778054848	1471.037997
8/1/15	5.1	0.003353406	-0.064855917	0.09137005	-0.012973155	0.002916758	7805.166667	1.939992406	0.988192447	0.90759289	0.094248756	0.400099796	0.684378859	0.616943683	0.086424404	39313.375	424.0416667	161.3541667	1.532502968	4.699877715	1266.145833	9202.085241	2.266897932	0.946770591	0.803293705	0.107384497	0.330519114	0.609409782	0.642370142	0.093879009	46850.70923	505.8763456	195.3518123	1.552361799	4.780481959	1440.38537
9/1/15	5	0.000388126	-0.037027423	-0.123153775	-0.052496698	-0.003220962	7754.136364	1.968332335	0.999120664	0.905747731	0.088510523	0.40740555	0.664044368	0.599625352	0.086546544	39370.18182	427.5227273	160.8863636	1.536735424	4.715222833	1264.431818	9040.828993	2.271995118	0.960643263	0.828076432	0.12069453	0.331986171	0.567221995	0.616016775	0.096749011	46791.30773	508.6351987	191.7139552	1.569998565	4.828351383	1449.682723
10/1/15	5	0.000143122	0.067194346	0	0.031605339	0.001710146	8057.644444	1.965406701	1.007189108	0.933126164	0.086867518	0.408956905	0.675700472	0.566964544	0.085284607	40720.53333	452.5555556	168.6	1.533226332	4.70163677	1297.866667	8910.832315	2.265071119	0.95330822	0.812151377	0.114032338	0.346486218	0.585880741	0.586380694	0.07838882	45477.36754	497.7326037	190.3796248	1.561055479	4.787935394	1410.23938
11/1/15	5	-0.001098815	-0.004910651	0.204988805	0.014341117	0.001125055	8059.914894	1.942694657	1.001556481	0.942091309	0.093329238	0.404295197	0.672552485	0.570346104	0.082151314	40716.12766	450.5106383	168.4468085	1.532197062	4.695331841	1304.276596	8699.710167	2.214852594	0.971216723	0.831990125	0.126182082	0.344864549	0.559279652	0.574537779	0.079455884	44740.3349	489.6645651	186.462148	1.569630959	4.815936504	1417.29189
12/1/15	5	0.002408548	-0.025569684	0.133172991	0.014138354	-0.001212287	8210.630435	1.914032663	1.014183096	0.939963073	0.103202107	0.412476661	0.690762877	0.603746586	0.084802996	41211.84783	457.1086957	170.1956522	1.525208748	4.675115023	1319.304348	8883.705788	2.228424229	0.997417331	0.83307241	0.124710018	0.351744357	0.554571658	0.593349095	0.08229022	45446.4494	517.9797782	196.9840777	1.563068219	4.797857489	1427.36641
1/1/16	4.9	0.005852973	-0.049536296	0.030318799	-0.006500565	0.000382099	8406.76087	1.923587913	1.028314858	0.891649386	0.086902282	0.391537118	0.663926541	0.582987584	0.089740778	42374.97826	537.4565217	195.4782609	1.527787311	4.682346724	1318.065217	9618.059481	2.22364963	1.04413021	0.790799646	0.09450496	0.344122401	0.560665318	0.5440729	0.09257141	49176.49315	651.0451343	241.4703459	1.560044914	4.790278019	1439.050272
2/1/16	4.9	0.000242651	-0.007595993	0.046874485	-0.003266198	0.003531555	8523.23913	1.917906102	1.04118705	0.875317188	0.079220356	0.388221	0.656707582	0.597122337	0.088010369	43084.13043	546.173913	198.9565217	1.52964404	4.691113022	1337.369565	9900.713832	2.164492774	1.042023756	0.79923246	0.087032877	0.351175828	0.594765042	0.559434171	0.084859442	50663.66356	643.6668506	241.0288085	1.557373219	4.783966635	1445.644465
3/1/16	5	0.002682783	0.067769004	-0.018259956	-0.007662873	-0.00567082	8161.659091	1.929357541	1.049214756	0.90675834	0.075800836	0.415012355	0.658702791	0.57492052	0.085811189	41454.43182	483.5681818	178.3863636	1.532079005	4.703135523	1305.272727	9308.719059	2.133315308	1.046970431	0.798180536	0.083986614	0.354444829	0.584096167	0.519558072	0.081473995	48206.78873	584.5576037	221.7474711	1.568262383	4.822865033	1419.141388
4/1/16	5	-0.005421604	0.015499852	-0.058933328	-0.022223137	0.001224365	7808.222222	1.986769024	1.054119998	0.913249403	0.082260891	0.419700193	0.674015198	0.574301568	0.081650257	39483.15556	398.7333333	151.3333333	1.53272767	4.702955009	1272	7643.08471	2.26198602	1.022019818	0.834361355	0.10846464	0.358777662	0.611354609	0.543612615	0.063446555	38835.60026	397.720454	159.1834685	1.556781286	4.786439731	1241.770666
5/1/16	4.7	0.000753221	0.000390928	0.04003209	0.06207763	0.003142372	7918.804348	1.942032539	1.057777229	0.910030493	0.088575253	0.416248795	0.674378636	0.603302923	0.081048401	39863.54348	405.9782609	153.826087	1.529804463	4.692521271	1280.695652	7843.446177	2.175145941	1.03617804	0.819223426	0.105486409	0.353297296	0.574095068	0.558359434	0.068791836	39480.53459	391.0427448	157.2949427	1.551395345	4.76572219	1261.546627
6/1/16	4.9	0.001576313	0.004670029	0	-0.012752564	0.001904468	7812.714286	1.924955462	1.053581314	0.865977302	0.09871137	0.38966022	0.653406805	0.593582939	0.080060079	39562.38095	401.8809524	153.2857143	1.53781718	4.713946725	1271.857143	7218.363953	2.244325667	1.031932456	0.82358395	0.121188018	0.33091171	0.581187888	0.554120608	0.075793689	36832.83225	364.0521057	147.8978481	1.566337733	4.808491319	1228.766749
7/1/16	4.9	1.13E-05	0.024378576	0.028107315	-0.038151766	-0.008581289	7882.116279	1.920454041	1.067453578	0.885848184	0.092581571	0.383129821	0.649684558	0.596751647	0.08399043	39854.67442	401.6744186	155.8604651	1.540171329	4.718487504	1273.581395	7961.169919	2.257586261	0.971161171	0.813378198	0.078427892	0.308733452	0.549892641	0.578178839	0.097897585	40109.2306	401.6221454	159.3783165	1.558414127	4.788389699	1261.079631
8/1/16	4.9	0.002549723	-0.001924783	0	-0.002224695	0.006583346	7862.840909	1.932616889	1.04016873	0.880505977	0.074502179	0.380128	0.665286636	0.578533022	0.079979853	39684.25	409.9318182	157.7045455	1.534128498	4.701454584	1266.068182	8000.191359	2.301573714	0.940454337	0.816669188	0.068048603	0.315189905	0.564456819	0.551272512	0.103330175	40276.18192	433.1487736	170.7629642	1.554793014	4.782849416	1271.106816
9/1/16	5	0.004121315	-0.003995427	-0.009206077	0.015469922	0.000762434	7685	1.95072415	0.998972426	0.894507063	0.077226703	0.394335803	0.654779256	0.620404706	0.088766643	38898.1	422	159.25	1.536993876	4.710398225	1261.525	7369.418036	2.335962206	0.90407635	0.813293234	0.064889711	0.325976945	0.556900868	0.573025352	0.09900952	37338.02525	414.9580426	162.778956	1.563933053	4.809548995	1237.964334
10/1/16	4.9	-0.000521126	-0.027390551	0.035939784	-0.044850566	-0.006778438	7876.857143	1.905990974	1.039914387	0.879524349	0.085302478	0.396370471	0.674381074	0.569008195	0.084858853	39900.04762	431.4285714	160.6190476	1.529334653	4.688417437	1276.452381	7835.798405	2.284018705	0.916735136	0.849570407	0.102262564	0.342175826	0.588148933	0.539953681	0.082284264	39457.66783	425.5115739	168.4730437	1.5547015	4.768286241	1257.044024
11/1/16	4.6	0.003149639	0.03401775	0.096364129	0.072960525	0.00475492	7749.325581	1.91122919	1.052297472	0.895695329	0.092817406	0.408730741	0.654040477	0.551513488	0.090255764	39253.48837	423.4651163	156.4883721	1.531248748	4.696682803	1277.27907	7821.071977	2.293942233	0.919556426	0.878142685	0.11150444	0.369365682	0.584632614	0.508381816	0.075509889	39348.9379	434.0860526	165.5689485	1.549855167	4.759601838	1273.559728
12/1/16	4.7	0.003822001	0.020154194	0.04332245	0.045841359	0.002049219	7718.121951	1.940623327	1.05190091	0.876046411	0.092262616	0.395759358	0.635822409	0.573074034	0.097382448	39202.2439	417.195122	154.5365854	1.534935519	4.710205386	1282.780488	7312.710511	2.330129534	0.916931207	0.869553476	0.112152525	0.352776778	0.553345259	0.523626577	0.083132213	37246.06834	410.9357657	158.6573144	1.560221308	4.792994566	1249.580967
1/1/17	4.8	0.003002129	0.009767317	0	0.003050333	-0.005778493	8075.5	1.926353019	1.057618187	0.931572025	0.091611712	0.414583809	0.622105757	0.5754479	0.096315188	40900.85714	504.452381	183.5238095	1.532408894	4.701367861	1313.285714	8031.26444	2.137728633	0.980940395	0.856793482	0.126556183	0.33327351	0.588449465	0.55045791	0.086554722	40523.48819	534.2872918	200.5258425	1.547865626	4.763582946	1297.775154
2/1/17	4.7	0.004773828	0.025789069	0.006967412	-0.022588229	-0.00014355	8441.272727	1.950515794	1.055066176	0.911678195	0.085366577	0.414271458	0.649769279	0.602072255	0.090698373	42542.15909	537.6136364	195.0681818	1.530059515	4.696069171	1334.590909	8595.135143	2.124255373	0.988778822	0.855457483	0.11848574	0.336356586	0.576232576	0.579685615	0.081400886	43153.80077	551.8686942	207.057796	1.549108113	4.763740578	1331.302721
3/1/17	4.5	0.003224481	-0.001697305	0.139122272	0.0062112	0.006831423	8221.840909	1.944163644	1.082369493	0.917204277	0.084346807	0.413863067	0.674924248	0.582373463	0.088188053	41417.90909	493.6818182	181.2045455	1.527608712	4.691105908	1319.045455	8127.237855	2.19150196	1.014298076	0.85817139	0.124968098	0.340198444	0.551596577	0.566379212	0.084271876	41190.69169	516.6863724	197.0723924	1.558977723	4.801813524	1310.91713
4/1/17	4.4	-0.002045756	0.000914898	0.034194664	0.00103146	-0.005195199	8019.090909	1.905194647	1.088717474	0.90293934	0.085040502	0.404173897	0.672393774	0.56708218	0.088814248	40360.27273	427.6818182	159.2727273	1.528614558	4.687531074	1299.613636	7970.465182	2.038902277	1.023285102	0.80468009	0.124595613	0.335364678	0.556831512	0.505891418	0.078452273	40068.54221	431.0103681	160.3120316	1.549607261	4.755232266	1286.383956
5/1/17	4.3	0.004166183	0.005370976	0.048970922	0.001030397	0.001386729	8016.454545	1.903634285	1.066848677	0.91027602	0.081075966	0.409354787	0.666462496	0.588676657	0.093341952	40200.04545	416.8636364	156.5227273	1.529290443	4.687053018	1309.159091	8227.758663	2.042821255	0.992632097	0.789621266	0.118625827	0.324742709	0.57604145	0.503265025	0.072911329	41055.35026	412.8924846	156.1981995	1.546531804	4.744626549	1317.887533
6/1/17	4.3	0.000115436	0.014111873	0.04655138	-0.021864484	0.000835312	7726.463415	1.906979972	1.039350201	0.911441393	0.081848446	0.40005921	0.665554108	0.592092396	0.096944277	38975	419.4146341	158.0731707	1.534293918	4.698839024	1280.243902	7104.82471	2.027040166	1.028209484	0.821266465	0.128936791	0.306911305	0.545396806	0.497351728	0.076143482	36153.67047	416.077649	156.4498042	1.562424658	4.795102765	1217.989184
7/1/17	4.3	-0.001255543	0.012645405	0.04445855	-0.016985546	-0.005598778	8104.302326	1.983711537	1.001363942	0.89840169	0.076006277	0.396573047	0.655868932	0.562220339	0.111794422	40790.60465	409.3255814	154.9767442	1.536541903	4.709088467	1311.72093	8088.407223	2.299178766	0.933051145	0.751649953	0.114939927	0.281703629	0.59692082	0.461211175	0.081322006	40527.24504	439.9605907	168.1474873	1.552696832	4.775986338	1287.269022
8/1/17	4.4	0.00420819	-0.007685665	-0.029420481	0.035755649	0.006368168	8278.288889	2.010305397	1.0010006	0.873641767	0.073941713	0.384946364	0.639747127	0.538826382	0.102452697	41695.46667	408.7777778	157.1555556	1.534713224	4.701846375	1324.333333	8318.164355	2.301602585	0.948226296	0.746192705	0.108557904	0.284616141	0.570424441	0.446256053	0.076148605	41654.3361	432.6481498	170.1879542	1.550200199	4.766749956	1306.737324
9/1/17	4.2	0.004945126	0.028080029	0.009901594	-0.017718025	0.004485596	7947.093023	2.038593153	0.995987231	0.905448572	0.084019583	0.398046775	0.665546171	0.533412789	0.108696239	40210.81395	403	150.5813953	1.537490655	4.713843507	1307.093023	7140.62244	2.374484769	0.919403327	0.80823473	0.125100776	0.328568348	0.588347267	0.489524997	0.090182849	36517.27625	359.6545345	136.7172082	1.562801145	4.806328414	1253.715537
10/1/17	4.1	-0.002285382	0.004046581	0.019518887	0.05721683	-0.010313917	8160.5	1.937979222	1.04136735	0.882104765	0.065982538	0.388733746	0.688628204	0.562731486	0.090206761	41173.06522	426.2391304	159.5	1.5250917	4.684463789	1321.130435	8309.78483	1.82769021	1.072990926	0.841876606	0.050705925	0.443232227	0.694867079	0.474433583	0.070608925	42035.45661	369.7289343	144.1848313	1.506834386	4.63965744	1295.835892
11/1/17	4.1	0.00321713	0.023238782	0.074645607	-0.022089252	0.00917847	7887.545455	1.91901263	1.001139166	0.889765581	0.075803039	0.400738908	0.699332496	0.588548139	0.088981172	39808.38636	422.3181818	155.5681818	1.526382865	4.687231355	1299.204545	7574.82223	1.824424954	1.004652459	0.853182713	0.064049381	0.452797872	0.724146511	0.490715308	0.065808277	38401.15327	360.9699816	135.1501062	1.502697752	4.628477908	1232.936927
12/1/17	4.1	0.00353947	0.014336625	0.039858879	-0.026750566	-0.004304916	7944.571429	1.91688678	1.003414719	0.87604655	0.07531934	0.412019198	0.695917823	0.598123889	0.090612219	40051.66667	420.7857143	158.0714286	1.524754149	4.681561421	1293.761905	7520.903952	1.783960574	1.006678137	0.845000924	0.065282311	0.466247503	0.748843316	0.473441406	0.069556885	38177.18582	332.4073071	127.2435029	1.502113633	4.625167074	1220.026766
1/1/18	4.1	0.005031975	0.038431474	0.038521679	-0.002087683	-0.005466034	8158.560976	1.95136184	0.946307587	0.894214303	0.092629776	0.416378397	0.704112877	0.608280366	0.093055509	41001.82927	506.6585366	182.4146341	1.524611834	4.677655934	1318.780488	8820.040646	2.019704952	0.95414695	0.839188015	0.091215272	0.427890209	0.702086946	0.583698975	0.084089836	44163.42455	459.3818985	173.4971119	1.512786022	4.647996145	1353.273897
2/1/18	4.1	0.003281744	-0.053516778	0.0655622	0.040947379	0.001662552	8250.904762	1.939237219	0.966641616	0.887541519	0.10093471	0.415696618	0.721169185	0.603531387	0.095263514	41296.35714	537.3571429	192.8809524	1.520162374	4.666521068	1321.142857	9020.949766	2.004128983	0.963726586	0.815628697	0.09850041	0.414424028	0.688219332	0.599385839	0.091516011	44926.58299	512.8883018	190.4354607	1.507651172	4.635407549	1362.937974
3/1/18	4.1	0.003938295	-0.015845837	0.050844072	0.016907414	0.007407323	8425.425	1.94052157	0.965287035	0.892224278	0.097537731	0.413326272	0.693482523	0.579109854	0.090825112	42090.975	524.275	187.95	1.520655163	4.66838267	1337.775	9267.933215	2.016780986	0.979255574	0.800768534	0.102810096	0.402890395	0.677247158	0.5669726	0.078647361	46079.36067	488.4639131	182.6598695	1.50883025	4.637022125	1382.318631
4/1/18	3.9	-0.004826832	-0.002902629	0.022809435	-0.025975486	-0.008890933	7769.785714	1.950453755	0.982766948	0.861644257	0.100711709	0.384237682	0.658850705	0.531351256	0.097765879	39026.61905	423.0952381	156.8095238	1.521924562	4.678732264	1270.595238	8110.304547	1.926136585	1.068872914	0.777739011	0.095691095	0.379909479	0.669961046	0.502027902	0.07209203	40298.38427	379.4040905	137.9980856	1.502266864	4.62617004	1252.236742
5/1/18	3.8	0.003728023	0.000941187	0.037168254	-0.008130126	0.008167635	7913.463415	1.978650456	0.971194664	0.872999012	0.101921358	0.400845712	0.695003059	0.560506045	0.080127949	39762.78049	414.0731707	154.1463415	1.523785225	4.684855957	1277.878049	8346.846089	1.915106882	1.074676969	0.803268653	0.082565466	0.401342812	0.709647757	0.556889868	0.061652242	41290.43384	368.4407205	135.8508787	1.498560799	4.613894142	1265.86297
6/1/18	4	0.003863002	-0.001827205	0.014586706	0.002038737	-0.001110313	7727.641026	1.850215044	1.040267521	0.962965013	0.091393777	0.40620258	0.691983314	0.581555107	0.097290473	39443.82051	521.1538462	191.8205128	1.535879363	4.720720245	1267.897436	9747.989058	2.043835522	0.890238545	0.815789663	0.09484385	0.312586209	0.506602308	0.671353332	0.101760514	50309.76339	787.7014763	296.1340396	1.558426998	4.81680467	1448.054502