date	ur	pi_gr	nyse_gr	tb_sqrt_diff	ics_log_diff	pce_gr_diff	perc_pos_rev_weighted	perc_neg_rev_weighted	perc_uncert_rev_weighted	perc_litig_rev_weighted	perc_modal_wk_rev_weighted	perc_modal_mod_rev_weighted	perc_constrain_rev_weighted	perc_modal_str_rev_weighted_diff
2011-02-01	9	0.005373768	0.03678385	-0.026743207	0.043513786	0.004506908	2.055310798	0.93588036	0.887691462	0.064782495	0.390423476	0.556728544	0.115867806	0.011286074
2011-03-01	9	0.000978791	-0.003978093	-0.044327362	-0.138150338	0.004363405	1.960704839	0.979452392	0.957424913	0.073102265	0.387478896	0.560045154	0.142131806	-0.049558176
2011-04-01	9.1	-0.004194118	0.024966568	-0.071278792	0.033506412	-0.010711138	1.938265146	0.996467991	0.923576782	0.078600874	0.333085664	0.545895367	0.133148769	-0.015393164
2011-05-01	9	0.002018951	-0.022387349	-0.044948974	0.062476942	0.00533671	1.876115903	0.98100229	0.898621761	0.09635982	0.310097927	0.529552778	0.12333862	-0.008993104
2011-06-01	9.1	0.004512322	-0.018659365	0	-0.038413502	3.24E-05	1.868679254	0.915597623	0.822218221	0.094032129	0.309481224	0.549874991	0.102769278	-0.018449337
2011-07-01	9	-0.001663016	-0.035026563	0	-0.115512887	-0.004937783	1.824810715	0.923559944	0.831091565	0.09271743	0.32475764	0.594483122	0.103240147	-0.074616952
2011-08-01	9	0.001325281	-0.068203961	-0.058578644	-0.132410693	0.004764235	1.815619615	0.891614565	0.838118743	0.093137163	0.298066739	0.626103888	0.105362245	-0.017220858
2011-09-01	9	-0.000343447	-0.097861591	-0.041421356	0.064202443	0.001341048	1.874381631	0.914035621	0.846307069	0.097032983	0.305152301	0.617658065	0.104452621	0.031430731
2011-10-01	8.8	0.000329374	0.11193684	0.041421356	0.021613476	-0.003629415	1.92026845	0.960474347	0.807497798	0.092665342	0.302422654	0.579056543	0.079049482	0.012172646
2011-11-01	8.6	0.001865203	-0.010429184	-0.041421356	0.046594774	0.000720116	1.967727757	0.908572482	0.822493475	0.081803816	0.314349469	0.544810854	0.074838735	0.013353315
2011-12-01	8.5	0.009642598	-0.000998091	0	0.092881087	0.000585176	1.982023807	0.913389735	0.841314026	0.096363289	0.337886723	0.509552034	0.081059206	-0.031034144
2012-01-01	8.3	0.00474986	0.041828863	0.073205081	0.070422464	0.000901115	2.302206468	0.884065291	0.848670012	0.075962329	0.359205221	0.520380238	0.132868589	0.089331883
2012-02-01	8.3	0.008448516	0.035052747	0.126794919	0.003992021	0.006333112	2.377795755	0.870930408	0.830056419	0.078566542	0.348644133	0.508958325	0.126335168	0.032790862
2012-03-01	8.2	0.005360777	0.011547723	-0.017157288	0.011881328	-0.008569781	2.371251956	0.860870888	0.833503488	0.100916252	0.348914204	0.542343144	0.1286652	-0.029095476
2012-04-01	8.2	0.001257375	-0.014605873	0	0.002621233	-0.001248624	2.2366804	0.883910546	0.815586638	0.096340991	0.356352715	0.552887754	0.119936427	-0.032221905
2012-05-01	8.2	-0.000345073	-0.080686692	0.017157288	0.037255432	0.000392869	2.092476742	0.919648399	0.773548277	0.09356814	0.341690652	0.607609652	0.079557888	-0.057441901
2012-06-01	8.2	0.00035322	0.04526818	0	-0.080042708	-0.00102212	1.765076488	1.075931025	0.887967094	0.098752582	0.421772518	0.71551514	0.072468424	-0.00375053
2012-07-01	8.2	-0.011799026	0.00280926	0.016227766	-0.012371292	-0.000266978	1.730147532	1.092464677	0.854890386	0.090526548	0.413368835	0.695123265	0.070903651	0.035144908
2012-08-01	8.1	-0.000500913	0.019201595	0	0.027286823	0.004750588	2.030219102	0.941473189	0.822939739	0.085240364	0.354378897	0.608058701	0.069890062	0.051806292
2012-09-01	7.8	0.007929708	0.029453759	0.015434713	0.052436651	0.002765704	2.148520822	0.916852348	0.790573665	0.086265647	0.327296852	0.60176945	0.083276254	-0.054527958
2012-10-01	7.8	0.005377843	-0.008651705	-0.015434713	0.053462078	-0.006853918	1.984617159	0.887065471	0.873444734	0.107300408	0.347035858	0.531949827	0.073537143	0.044957146
2012-11-01	7.7	0.013436082	0.004747281	-0.016227766	0.001209922	0.004971073	1.970365084	0.932312707	0.856488118	0.09882052	0.342740825	0.581981294	0.081960748	-0.014614303
2012-12-01	7.9	0.02536473	0.022163505	-0.035424869	-0.126130963	-0.00300116	1.979484449	0.852902963	0.831706781	0.102176526	0.320429791	0.557167856	0.080451256	0.058155919
2013-01-01	8	-0.059589232	0.049250389	0	0.012270093	0.00126302	1.978934612	0.925333526	0.820540733	0.079098968	0.317571868	0.590565215	0.102554453	0.044078447
2013-02-01	7.7	-0.001391304	-0.002921988	0.051652635	0.050208696	0.001689641	2.018780192	0.93139165	0.848108186	0.092856145	0.34480415	0.600462343	0.094840971	-0.047296263
2013-03-01	7.5	0.000202506	0.026872008	-0.016227766	0.012804272	-0.004397033	2.117393079	0.902892863	0.815093865	0.096362394	0.320785671	0.529038146	0.091034595	0.039061475
2013-04-01	7.6	0.000294786	0.015716799	-0.055051026	-0.028389003	-0.003693924	2.08800312	0.922282332	0.807711108	0.098295225	0.330245638	0.583514639	0.072167692	-0.059748741
2013-05-01	7.5	0.006377603	0.002736874	-0.044948974	0.100768838	0.008304376	2.057930738	1.004257218	0.776222327	0.105887437	0.317394117	0.54843743	0.071371382	-0.012835783
2013-06-01	7.5	0.003216724	-0.020379876	0.023606798	-0.004744967	-0.001346168	2.1408815	0.978440623	0.722320005	0.113952053	0.274354516	0.530597722	0.07073473	-0.068168925
2013-07-01	7.3	-0.004643068	0.04394577	-0.023606798	0.011820469	-0.004466464	2.270306684	0.9375127	0.75265479	0.096819971	0.307920979	0.534092938	0.074477853	-0.093304536
2013-08-01	7.2	0.00371765	-0.030146987	0	-0.035889019	0.005191266	2.224913011	0.950460197	0.764478165	0.092116463	0.30344653	0.537382399	0.075152968	0.032281934
2013-09-01	7.2	0.004452623	0.037816086	-0.058578644	-0.05766008	0.000450738	2.570393449	1.183363774	1.020709288	0.091028122	0.434920143	0.700267668	0.082374468	0.155782068
2013-10-01	7.2	-0.006844163	0.034290149	0.082185442	-0.057082515	-0.004543946	1.95571313	1.056411054	0.847064789	0.09901501	0.352643705	0.594619079	0.110263836	-0.054436484
2013-11-01	6.9	0.00469137	0.017342365	0.040968333	0.025625138	0.007153318	1.991042076	1.060434239	0.878831246	0.114561194	0.348788809	0.590493777	0.107652119	0.034129535
2013-12-01	6.7	0.005104016	0.021318366	0	0.093977735	-0.003299429	2.014114617	1.036029011	0.887040214	0.104271067	0.359744463	0.576193168	0.112719032	0.019203683
2014-01-01	6.6	0.003719717	-0.045122414	-0.064575131	-0.015883046	-0.006778389	2.082203772	1.082939919	0.872214432	0.087070146	0.342628313	0.584906835	0.11071704	0.041736817
2014-02-01	6.7	0.007209906	0.045969706	0.023606798	0.004914015	0.008805257	2.129082812	1.057038434	0.815458501	0.10715873	0.316815601	0.605447474	0.118217972	0.014150998
2014-03-01	6.7	0.008033715	0.009774654	0	-0.019802627	0.001975541	2.135516336	1.156519558	0.770503056	0.11024828	0.282897087	0.613912051	0.11518526	-0.06628231
2014-04-01	6.3	-0.00163736	0.003163129	-0.050401717	0.049979932	-0.007772799	2.106696473	1.144190933	0.827303113	0.108433185	0.332385903	0.583720654	0.104011567	-0.079252492
2014-05-01	6.3	0.004207531	0.012151838	0	-0.026507576	0.005046423	2.162298683	1.147400169	0.802742964	0.111969416	0.320695814	0.571320871	0.100505128	0.023248692
2014-06-01	6.1	0.005271658	0.020742277	0.026794919	0.007299302	0.001925433	2.163335118	1.059732708	0.86539052	0.116454969	0.35182601	0.579250257	0.112811835	0.007376392
2014-07-01	6.2	0.000267732	-0.027643913	-0.026794919	-0.00852105	-0.00688552	2.141295116	1.015319737	0.793469828	0.100593557	0.3301984	0.551456908	0.087513388	0.01975736
2014-08-01	6.2	0.004622229	0.029819834	0	0.00852105	0.008111896	2.130346167	1.049735057	0.834831497	0.113474785	0.341255915	0.578951135	0.090563651	-0.028927903
2014-09-01	5.9	0.003032281	-0.031083771	-0.031783725	0.025135973	-0.005968712	2.263123561	1.017410608	0.837901603	0.106588758	0.322422753	0.579738753	0.095092782	0.05342558
2014-10-01	5.7	0.001717257	0.011290832	0	0.026823766	0.002421494	2.204106724	1.057478968	0.853682528	0.121940335	0.363562995	0.633394673	0.094794397	-0.011061415
2014-11-01	5.8	0.003653199	0.010180743	0	0.021628618	-0.001156112	2.215389993	1.012466063	0.864366024	0.131728681	0.359091386	0.632209572	0.090577883	0.033307403
2014-12-01	5.6	0.004509022	-0.010603887	0.031783725	0.052643733	-0.001482574	2.170032965	1.025175934	0.850980092	0.132659726	0.363685482	0.607885936	0.094318439	0.014903859
2015-01-01	5.7	0.0011936	-0.027070218	0	0.046956983	-0.001390981	2.11202873	1.040339249	0.800374951	0.085668535	0.367282154	0.539720356	0.107587424	-0.050697746
2015-02-01	5.5	0.004804956	0.049877513	-0.031783725	-0.027908788	0.003533165	2.102679625	1.013644054	0.79207432	0.082350096	0.355940432	0.553542775	0.105434746	-0.002302073
2015-03-01	5.5	4.41E-05	-0.014788277	0.031783725	-0.025479085	0.003260115	2.202358038	0.991395879	0.834183795	0.08282094	0.372503482	0.553577989	0.105214959	-0.034346444
2015-04-01	5.4	-0.000227226	0.008102021	-0.031783725	0.030706489	-0.0090116	2.223639921	1.009423599	0.844877797	0.074538852	0.35222433	0.570828216	0.095396289	-0.021756245
2015-05-01	5.5	0.005860747	0.000593641	0	-0.055748625	0.008822995	2.232161872	1.017223563	0.846381831	0.076260801	0.348528288	0.549745209	0.087011336	-0.027705906
2015-06-01	5.3	0.004619089	-0.022710999	0	0.057831959	-0.002816469	2.267354499	0.970361849	0.840815698	0.079481057	0.332214939	0.583767695	0.096239311	0.039195785
2015-07-01	5.2	0.000413028	0.003502383	0.031783725	-0.031715132	-0.003069409	2.307479998	0.936999152	0.8135627	0.096214464	0.334085681	0.596014131	0.087763715	0.037520312
2015-08-01	5.1	0.003353406	-0.064855917	0.09137005	-0.012973155	0.002916758	2.266897932	0.946770591	0.803293705	0.107384497	0.330519114	0.609409782	0.093879009	-0.000282179
2015-09-01	5	0.000388126	-0.037027423	-0.123153775	-0.052496698	-0.003220962	2.271995118	0.960643263	0.828076432	0.12069453	0.331986171	0.567221995	0.096749011	-0.026353367
2015-10-01	5	0.000143122	0.067194346	0	0.031605339	0.001710146	2.265071119	0.95330822	0.812151377	0.114032338	0.346486218	0.585880741	0.07838882	-0.029636081
2015-11-01	5	-0.001098815	-0.004910651	0.204988805	0.014341117	0.001125055	2.214852594	0.971216723	0.831990125	0.126182082	0.344864549	0.559279652	0.079455884	-0.011842915
2015-12-01	5	0.002408548	-0.025569684	0.133172991	0.014138354	-0.001212287	2.228424229	0.997417331	0.83307241	0.124710018	0.351744357	0.554571658	0.08229022	0.018811316
2016-01-01	4.9	0.005852973	-0.049536296	0.030318799	-0.006500565	0.000382099	2.22364963	1.04413021	0.790799646	0.09450496	0.344122401	0.560665318	0.09257141	-0.049276195
2016-02-01	4.9	0.000242651	-0.007595993	0.046874485	-0.003266198	0.003531555	2.164492774	1.042023756	0.79923246	0.087032877	0.351175828	0.594765042	0.084859442	0.015361271
2016-03-01	5	0.002682783	0.067769004	-0.018259956	-0.007662873	-0.00567082	2.133315308	1.046970431	0.798180536	0.083986614	0.354444829	0.584096167	0.081473995	-0.039876099
2016-04-01	5	-0.005421604	0.015499852	-0.058933328	-0.022223137	0.001224365	2.26198602	1.022019818	0.834361355	0.10846464	0.358777662	0.611354609	0.063446555	0.024054543
2016-05-01	4.7	0.000753221	0.000390928	0.04003209	0.06207763	0.003142372	2.175145941	1.03617804	0.819223426	0.105486409	0.353297296	0.574095068	0.068791836	0.014746819
2016-06-01	4.9	0.001576313	0.004670029	0	-0.012752564	0.001904468	2.244325667	1.031932456	0.82358395	0.121188018	0.33091171	0.581187888	0.075793689	-0.004238826
2016-07-01	4.9	1.13E-05	0.024378576	0.028107315	-0.038151766	-0.008581289	2.257586261	0.971161171	0.813378198	0.078427892	0.308733452	0.549892641	0.097897585	0.024058231
2016-08-01	4.9	0.002549723	-0.001924783	0	-0.002224695	0.006583346	2.301573714	0.940454337	0.816669188	0.068048603	0.315189905	0.564456819	0.103330175	-0.026906327
2016-09-01	5	0.004121315	-0.003995427	-0.009206077	0.015469922	0.000762434	2.335962206	0.90407635	0.813293234	0.064889711	0.325976945	0.556900868	0.09900952	0.02175284
2016-10-01	4.9	-0.000521126	-0.027390551	0.035939784	-0.044850566	-0.006778438	2.284018705	0.916735136	0.849570407	0.102262564	0.342175826	0.588148933	0.082284264	-0.033071671
2016-11-01	4.6	0.003149639	0.03401775	0.096364129	0.072960525	0.00475492	2.293942233	0.919556426	0.878142685	0.11150444	0.369365682	0.584632614	0.075509889	-0.031571865
2016-12-01	4.7	0.003822001	0.020154194	0.04332245	0.045841359	0.002049219	2.330129534	0.916931207	0.869553476	0.112152525	0.352776778	0.553345259	0.083132213	0.015244761
2017-01-01	4.8	0.003002129	0.009767317	0	0.003050333	-0.005778493	2.137728633	0.980940395	0.856793482	0.126556183	0.33327351	0.588449465	0.086554722	0.026831333
2017-02-01	4.7	0.004773828	0.025789069	0.006967412	-0.022588229	-0.00014355	2.124255373	0.988778822	0.855457483	0.11848574	0.336356586	0.576232576	0.081400886	0.029227705
2017-03-01	4.5	0.003224481	-0.001697305	0.139122272	0.0062112	0.006831423	2.19150196	1.014298076	0.85817139	0.124968098	0.340198444	0.551596577	0.084271876	-0.013306403
2017-04-01	4.4	-0.002045756	0.000914898	0.034194664	0.00103146	-0.005195199	2.038902277	1.023285102	0.80468009	0.124595613	0.335364678	0.556831512	0.078452273	-0.060487794
2017-05-01	4.3	0.004166183	0.005370976	0.048970922	0.001030397	0.001386729	2.042821255	0.992632097	0.789621266	0.118625827	0.324742709	0.57604145	0.072911329	-0.002626393
2017-06-01	4.3	0.000115436	0.014111873	0.04655138	-0.021864484	0.000835312	2.027040166	1.028209484	0.821266465	0.128936791	0.306911305	0.545396806	0.076143482	-0.005913297
2017-07-01	4.3	-0.001255543	0.012645405	0.04445855	-0.016985546	-0.005598778	2.299178766	0.933051145	0.751649953	0.114939927	0.281703629	0.59692082	0.081322006	-0.036140553
2017-08-01	4.4	0.00420819	-0.007685665	-0.029420481	0.035755649	0.006368168	2.301602585	0.948226296	0.746192705	0.108557904	0.284616141	0.570424441	0.076148605	-0.014955122
2017-09-01	4.2	0.004945126	0.028080029	0.009901594	-0.017718025	0.004485596	2.374484769	0.919403327	0.80823473	0.125100776	0.328568348	0.588347267	0.090182849	0.043268944
2017-10-01	4.1	-0.002285382	0.004046581	0.019518887	0.05721683	-0.010313917	1.82769021	1.072990926	0.841876606	0.050705925	0.443232227	0.694867079	0.070608925	-0.015091414
2017-11-01	4.1	0.00321713	0.023238782	0.074645607	-0.022089252	0.00917847	1.824424954	1.004652459	0.853182713	0.064049381	0.452797872	0.724146511	0.065808277	0.016281725
2017-12-01	4.1	0.00353947	0.014336625	0.039858879	-0.026750566	-0.004304916	1.783960574	1.006678137	0.845000924	0.065282311	0.466247503	0.748843316	0.069556885	-0.017273902
2018-01-01	4.1	0.005031975	0.038431474	0.038521679	-0.002087683	-0.005466034	2.019704952	0.95414695	0.839188015	0.091215272	0.427890209	0.702086946	0.084089836	0.110257569
2018-02-01	4.1	0.003281744	-0.053516778	0.0655622	0.040947379	0.001662552	2.004128983	0.963726586	0.815628697	0.09850041	0.414424028	0.688219332	0.091516011	0.015686864
2018-03-01	4.1	0.003938295	-0.015845837	0.050844072	0.016907414	0.007407323	2.016780986	0.979255574	0.800768534	0.102810096	0.402890395	0.677247158	0.078647361	-0.032413239
2018-04-01	3.9	-0.004826832	-0.002902629	0.022809435	-0.025975486	-0.008890933	1.926136585	1.068872914	0.777739011	0.095691095	0.379909479	0.669961046	0.07209203	-0.064944698
2018-05-01	3.8	0.003728023	0.000941187	0.037168254	-0.008130126	0.008167635	1.915106882	1.074676969	0.803268653	0.082565466	0.401342812	0.709647757	0.061652242	0.054861966
2018-06-01	4	0.003863002	-0.001827205	0.014586706	0.002038737	-0.001110313	2.043835522	0.890238545	0.815789663	0.09484385	0.312586209	0.506602308	0.101760514	0.114463464